"SDS6K-10kE ALARM LOGGER Ver1.00
SDS6K-10kE CONTROL Ver1.01
SDS6K-10kE MAINTENANCE Ver1.01
SDS6K-10kE RECIPE EDITOR Ver1.00
SDS6K-10kE SYSTEM MONITOR Ver1.01
AUTOMATIC PRESSURE RISING RATE RECORDER Ver4.01
SDS6_PLC_7500_SAIREM10kW_0611"
"H2(1000)",1000,1,0,20,120,30
"CH4(100)",100,1,1,2,60,30
"H2(10)",10,1,1,0.2,60,30
"O2(20)",20,1,1,0.4,60,30
"Ar(100)",100,1,1,2,60,30
"-",1,1,1,1,1,1
10000,1000,100,300,30,30
220,740,1.5,600,300,20
1.5,1000
475,1475
50,300
20,30,600,600
0,0
50,50000,100,4000,1500
2,0
0
5,60
3,12,0,13,0,14,1,30
8,5,7.5,30,40,5,50,600,18,5,16,600
5.5,5,5,30,40,5,50,600,18,5,16,600
7.5,5,7,30,40,5,50,600,18,5,16,600
7.5,5,7,30,40,5,50,600,18,5,16,600
2,5,1.5,30,40,5,50,600,18,5,16,600
8,5,7.5,30,40,5,50,600,18,5,16,600
5,600,5,600
